1.0 0.982144906890957 0.9628524952621066 0.9627001906468695 0.9616158645861992
0.982144906890957 0.9628524952621066 0.9627001906468695 0.9616158645861992 0.9634016106939803
0.9628524952621066 0.9627001906468695 0.9616158645861992 0.9634016106939803 0.9624956607318857
0.9627001906468695 0.9616158645861992 0.9634016106939803 0.9624956607318857 0.9459951747724356
0.9616158645861992 0.9634016106939803 0.9624956607318857 0.9459951747724356 0.9442677981568717
0.9634016106939803 0.9624956607318857 0.9459951747724356 0.9442677981568717 0.9439855931593181
0.9624956607318857 0.9459951747724356 0.9442677981568717 0.9439855931593181 0.9439966367517664
0.9459951747724356 0.9442677981568717 0.9439855931593181 0.9439966367517664 0.9256891182793109
0.9442677981568717 0.9439855931593181 0.9439966367517664 0.9256891182793109 0.9248986957348886
0.9439855931593181 0.9439966367517664 0.9256891182793109 0.9248986957348886 0.9243509854238815
0.9439966367517664 0.9256891182793109 0.9248986957348886 0.9243509854238815 0.9052968151645927
0.9256891182793109 0.9248986957348886 0.9243509854238815 0.9052968151645927 0.9044337690040867
0.9248986957348886 0.9243509854238815 0.9052968151645927 0.9044337690040867 0.9052642990491789
0.9243509854238815 0.9052968151645927 0.9044337690040867 0.9052642990491789 0.9061233209797034
0.9052968151645927 0.9044337690040867 0.9052642990491789 0.9061233209797034 0.9056124743436106
0.9044337690040867 0.9052642990491789 0.9061233209797034 0.9056124743436106 0.9833728547982131
0.9052642990491789 0.9061233209797034 0.9056124743436106 0.9833728547982131 0.9840605390714056
0.9061233209797034 0.9056124743436106 0.9833728547982131 0.9840605390714056 0.9643079896903062
0.9056124743436106 0.9833728547982131 0.9840605390714056 0.9643079896903062 0.9460372759003727
0.9833728547982131 0.9840605390714056 0.9643079896903062 0.9460372759003727 0.9448649329187259
0.9840605390714056 0.9643079896903062 0.9460372759003727 0.9448649329187259 0.9456871333033157
0.9643079896903062 0.9460372759003727 0.9448649329187259 0.9456871333033157 0.9253889464279954
0.9460372759003727 0.9448649329187259 0.9456871333033157 0.9253889464279954 0.9266859962384937
0.9448649329187259 0.9456871333033157 0.9253889464279954 0.9266859962384937 0.9252804490437697
0.9456871333033157 0.9253889464279954 0.9266859962384937 0.9252804490437697 0.905591457088241
0.9253889464279954 0.9266859962384937 0.9252804490437697 0.905591457088241 0.9078960168833808
0.9266859962384937 0.9252804490437697 0.905591457088241 0.9078960168833808 0.9917669915174343
0.9252804490437697 0.905591457088241 0.9078960168833808 0.9917669915174343 0.954688938755741
0.905591457088241 0.9078960168833808 0.9917669915174343 0.954688938755741 0.9357098976655406
0.9078960168833808 0.9917669915174343 0.954688938755741 0.9357098976655406 0.9170886403896582
0.9917669915174343 0.954688938755741 0.9357098976655406 0.9170886403896582 0.908832452354045
0.954688938755741 0.9357098976655406 0.9170886403896582 0.908832452354045 0.89963646209855
0.9357098976655406 0.9170886403896582 0.908832452354045 0.89963646209855 0.8804217677352881
0.9170886403896582 0.908832452354045 0.89963646209855 0.8804217677352881 0.8707208071710362
0.908832452354045 0.89963646209855 0.8804217677352881 0.8707208071710362 0.8533416751593146
0.89963646209855 0.8804217677352881 0.8707208071710362 0.8533416751593146 0.8533487736292318
0.8804217677352881 0.8707208071710362 0.8533416751593146 0.8533487736292318 0.8442708692252827
0.8707208071710362 0.8533416751593146 0.8533487736292318 0.8442708692252827 0.8345051408494156
0.8533416751593146 0.8533487736292318 0.8442708692252827 0.8345051408494156 0.8438230615900022
0.8533487736292318 0.8442708692252827 0.8345051408494156 0.8438230615900022 0.8351259979087268
0.8442708692252827 0.8345051408494156 0.8438230615900022 0.8351259979087268 0.8159042020186883
0.8345051408494156 0.8438230615900022 0.8351259979087268 0.8159042020186883 0.7985399203317
0.8438230615900022 0.8351259979087268 0.8159042020186883 0.7985399203317 0.7884205873617096
0.8351259979087268 0.8159042020186883 0.7985399203317 0.7884205873617096 0.8895262731572331
0.8159042020186883 0.7985399203317 0.7884205873617096 0.8895262731572331 0.8711882194557251
0.7985399203317 0.7884205873617096 0.8895262731572331 0.8711882194557251 0.8433783000006391
0.7884205873617096 0.8895262731572331 0.8711882194557251 0.8433783000006391 0.8251958956936506
0.8895262731572331 0.8711882194557251 0.8433783000006391 0.8251958956936506 0.8073636553951127
0.8711882194557251 0.8433783000006391 0.8251958956936506 0.8073636553951127 0.7983073264247235
0.8433783000006391 0.8251958956936506 0.8073636553951127 0.7983073264247235 0.7890025454522906
0.8251958956936506 0.8073636553951127 0.7983073264247235 0.7890025454522906 0.7712518209401965
0.8073636553951127 0.7983073264247235 0.7890025454522906 0.7712518209401965 0.7527728400992002
0.7983073264247235 0.7890025454522906 0.7712518209401965 0.7527728400992002 0.7435059430950792
0.7890025454522906 0.7712518209401965 0.7527728400992002 0.7435059430950792 0.7355646876516072
0.7712518209401965 0.7527728400992002 0.7435059430950792 0.7355646876516072 0.7255416250986984
0.7527728400992002 0.7435059430950792 0.7355646876516072 0.7255416250986984 0.7154698929470102
0.7435059430950792 0.7355646876516072 0.7255416250986984 0.7154698929470102 0.6984639913031849
0.7355646876516072 0.7255416250986984 0.7154698929470102 0.6984639913031849 0.6801369087830307
0.7255416250986984 0.7154698929470102 0.6984639913031849 0.6801369087830307 0.6803040143017968
0.7154698929470102 0.6984639913031849 0.6801369087830307 0.6803040143017968 0.661231595313662
0.6984639913031849 0.6801369087830307 0.6803040143017968 0.661231595313662 0.6529675903395091
0.6801369087830307 0.6803040143017968 0.661231595313662 0.6529675903395091 0.6438999366214028
0.6803040143017968 0.661231595313662 0.6529675903395091 0.6438999366214028 0.6242170046442125
0.661231595313662 0.6529675903395091 0.6438999366214028 0.6242170046442125 0.6157888060945571
0.6529675903395091 0.6438999366214028 0.6242170046442125 0.6157888060945571 0.6067861907464623
0.6438999366214028 0.6242170046442125 0.6157888060945571 0.6067861907464623 0.5980307538337084
0.6242170046442125 0.6157888060945571 0.6067861907464623 0.5980307538337084 0.5881413673562679
0.6157888060945571 0.6067861907464623 0.5980307538337084 0.5881413673562679 0.5691621708788138
0.6067861907464623 0.5980307538337084 0.5881413673562679 0.5691621708788138 0.5607927006779776
0.5980307538337084 0.5881413673562679 0.5691621708788138 0.5607927006779776 0.5519199296602597
0.5881413673562679 0.5691621708788138 0.5607927006779776 0.5519199296602597 0.5323341502690851
0.5691621708788138 0.5607927006779776 0.5519199296602597 0.5323341502690851 0.5242850225499717
0.5607927006779776 0.5519199296602597 0.5323341502690851 0.5242850225499717 0.5227984246475018
0.5519199296602597 0.5323341502690851 0.5242850225499717 0.5227984246475018 0.5413971407134693
0.5323341502690851 0.5242850225499717 0.5227984246475018 0.5413971407134693 0.5048506749031592
0.5242850225499717 0.5227984246475018 0.5413971407134693 0.5048506749031592 0.48757901070627985
0.5227984246475018 0.5413971407134693 0.5048506749031592 0.48757901070627985 0.47855311832487735
0.5413971407134693 0.5048506749031592 0.48757901070627985 0.47855311832487735 0.4780533589616477
0.5048506749031592 0.48757901070627985 0.47855311832487735 0.4780533589616477 0.46963170812981836
0.48757901070627985 0.47855311832487735 0.4780533589616477 0.46963170812981836 0.4594122196326148
0.47855311832487735 0.4780533589616477 0.46963170812981836 0.4594122196326148 0.4407182712102035
0.4780533589616477 0.46963170812981836 0.4594122196326148 0.4407182712102035 0.42257818750800746
0.46963170812981836 0.4594122196326148 0.4407182712102035 0.42257818750800746 0.42365194366255454
0.4594122196326148 0.4407182712102035 0.42257818750800746 0.42365194366255454 0.41332228250311953
0.4407182712102035 0.42257818750800746 0.42365194366255454 0.41332228250311953 0.4042519575593229
0.42257818750800746 0.42365194366255454 0.41332228250311953 0.4042519575593229 0.5594848008990603
0.42365194366255454 0.41332228250311953 0.4042519575593229 0.5594848008990603 0.4857287719567905
0.41332228250311953 0.4042519575593229 0.5594848008990603 0.4857287719567905 0.4580369380566075
0.4042519575593229 0.5594848008990603 0.4857287719567905 0.4580369380566075 0.43041831286091153
0.5594848008990603 0.4857287719567905 0.4580369380566075 0.43041831286091153 0.42088860501616043
0.4857287719567905 0.4580369380566075 0.43041831286091153 0.42088860501616043 0.403322854376748
0.4580369380566075 0.43041831286091153 0.42088860501616043 0.403322854376748 0.3944311225847347
0.43041831286091153 0.42088860501616043 0.403322854376748 0.3944311225847347 0.385057883863295
0.42088860501616043 0.403322854376748 0.3944311225847347 0.385057883863295 0.376238489108053
0.403322854376748 0.3944311225847347 0.385057883863295 0.376238489108053 0.35743305616898535
0.3944311225847347 0.385057883863295 0.376238489108053 0.35743305616898535 0.34868838955827114
0.385057883863295 0.376238489108053 0.35743305616898535 0.34868838955827114 0.3391024984332429
0.376238489108053 0.35743305616898535 0.34868838955827114 0.3391024984332429 0.32995702935038024
0.35743305616898535 0.34868838955827114 0.3391024984332429 0.32995702935038024 0.34875027375778445
0.34868838955827114 0.3391024984332429 0.32995702935038024 0.34875027375778445 0.36665467822735215
0.3391024984332429 0.32995702935038024 0.34875027375778445 0.36665467822735215 0.33978245095933124
0.32995702935038024 0.34875027375778445 0.36665467822735215 0.33978245095933124 0.32037016557606224
0.34875027375778445 0.36665467822735215 0.33978245095933124 0.32037016557606224 0.292510539744925
0.36665467822735215 0.33978245095933124 0.32037016557606224 0.292510539744925 0.2929410568178642
0.33978245095933124 0.32037016557606224 0.292510539744925 0.2929410568178642 0.29448322090155277
0.32037016557606224 0.292510539744925 0.2929410568178642 0.29448322090155277 0.2839714084286918
0.292510539744925 0.2929410568178642 0.29448322090155277 0.2839714084286918 0.2657454144918798
0.2929410568178642 0.29448322090155277 0.2839714084286918 0.2657454144918798 0.25656231341460045
0.29448322090155277 0.2839714084286918 0.2657454144918798 0.25656231341460045 0.25647525008459204
0.2839714084286918 0.2657454144918798 0.25656231341460045 0.25647525008459204 0.2471067269089231
0.2657454144918798 0.25656231341460045 0.25647525008459204 0.2471067269089231 0.23806588374522272
0.25656231341460045 0.25647525008459204 0.2471067269089231 0.23806588374522272 0.22841571034540828
0.25647525008459204 0.2471067269089231 0.23806588374522272 0.22841571034540828 0.21959410037297525
0.2471067269089231 0.23806588374522272 0.22841571034540828 0.21959410037297525 0.2198920858675965
0.23806588374522272 0.22841571034540828 0.21959410037297525 0.2198920858675965 0.21113968807134323
0.22841571034540828 0.21959410037297525 0.2198920858675965 0.21113968807134323 0.256468499072187
0.21959410037297525 0.2198920858675965 0.21113968807134323 0.256468499072187 0.26501449364724533
0.2198920858675965 0.21113968807134323 0.256468499072187 0.26501449364724533 0.22828511153164063
0.21113968807134323 0.256468499072187 0.26501449364724533 0.22828511153164063 0.21005590661825405
0.256468499072187 0.26501449364724533 0.22828511153164063 0.21005590661825405 0.19990207364196255
0.26501449364724533 0.22828511153164063 0.21005590661825405 0.19990207364196255 0.19198875392014228
0.22828511153164063 0.21005590661825405 0.19990207364196255 0.19198875392014228 0.18247082376777116
0.21005590661825405 0.19990207364196255 0.19198875392014228 0.18247082376777116 0.17358556722792348
0.19990207364196255 0.19198875392014228 0.18247082376777116 0.17358556722792348 0.163406768679972
0.19198875392014228 0.18247082376777116 0.17358556722792348 0.163406768679972 0.15426803011780088
0.18247082376777116 0.17358556722792348 0.163406768679972 0.15426803011780088 0.14596693549763665
0.17358556722792348 0.163406768679972 0.15426803011780088 0.14596693549763665 0.14595947398258777
0.163406768679972 0.15426803011780088 0.14596693549763665 0.14595947398258777 0.13581414586250296
0.15426803011780088 0.14596693549763665 0.14595947398258777 0.13581414586250296 0.1545414788473972
0.14596693549763665 0.14595947398258777 0.13581414586250296 0.1545414788473972 0.17337951194983417
0.14595947398258777 0.13581414586250296 0.1545414788473972 0.17337951194983417 0.14480215824557868
0.13581414586250296 0.1545414788473972 0.17337951194983417 0.14480215824557868 0.1358972410435536
0.1545414788473972 0.17337951194983417 0.14480215824557868 0.1358972410435536 0.11751392514440231
0.17337951194983417 0.14480215824557868 0.1358972410435536 0.11751392514440231 0.11807567489409503
0.14480215824557868 0.1358972410435536 0.11751392514440231 0.11807567489409503 0.11818501701262643
0.1358972410435536 0.11751392514440231 0.11807567489409503 0.11818501701262643 0.1087147299910769
0.11751392514440231 0.11807567489409503 0.11818501701262643 0.1087147299910769 0.09970684010894777
0.11807567489409503 0.11818501701262643 0.1087147299910769 0.09970684010894777 0.09057240083371967
0.11818501701262643 0.1087147299910769 0.09970684010894777 0.09057240083371967 0.09043733697549547
0.1087147299910769 0.09970684010894777 0.09057240083371967 0.09043733697549547 0.08181247573075813
0.09970684010894777 0.09057240083371967 0.09043733697549547 0.08181247573075813 0.07238907292872139
0.09057240083371967 0.09043733697549547 0.08181247573075813 0.07238907292872139 0.06277009929008358
0.09043733697549547 0.08181247573075813 0.07238907292872139 0.06277009929008358 0.05398023351084775
0.08181247573075813 0.07238907292872139 0.06277009929008358 0.05398023351084775 0.054502670395122674
0.07238907292872139 0.06277009929008358 0.05398023351084775 0.054502670395122674 0.054197937659516665
0.06277009929008358 0.05398023351084775 0.054502670395122674 0.054197937659516665 0.06400292880243316
0.05398023351084775 0.054502670395122674 0.054197937659516665 0.06400292880243316 0.1277059714370485
0.054502670395122674 0.054197937659516665 0.06400292880243316 0.1277059714370485 0.0915201594446782
0.054197937659516665 0.06400292880243316 0.1277059714370485 0.0915201594446782 0.07306429618035497
0.06400292880243316 0.1277059714370485 0.0915201594446782 0.07306429618035497 0.06365445326107383
0.1277059714370485 0.0915201594446782 0.07306429618035497 0.06365445326107383 0.054796946000447225
0.0915201594446782 0.07306429618035497 0.06365445326107383 0.054796946000447225 0.04573113187757913
0.07306429618035497 0.06365445326107383 0.054796946000447225 0.04573113187757913 0.045251251489147215
0.06365445326107383 0.054796946000447225 0.04573113187757913 0.045251251489147215 0.035750834621361825
0.054796946000447225 0.04573113187757913 0.045251251489147215 0.035750834621361825 0.02738038833608635
0.04573113187757913 0.045251251489147215 0.035750834621361825 0.02738038833608635 0.027950541878483372
0.045251251489147215 0.035750834621361825 0.02738038833608635 0.027950541878483372 0.02804313367182006
0.035750834621361825 0.02738038833608635 0.027950541878483372 0.02804313367182006 0.018337290974298898
0.02738038833608635 0.027950541878483372 0.02804313367182006 0.018337290974298898 0.018664907158741025
0.027950541878483372 0.02804313367182006 0.018337290974298898 0.018664907158741025 0.010563660893631628
0.02804313367182006 0.018337290974298898 0.018664907158741025 0.010563660893631628 9.680785527522222E-4
0.018337290974298898 0.018664907158741025 0.010563660893631628 9.680785527522222E-4 0.0
0.018664907158741025 0.010563660893631628 9.680785527522222E-4 0.0 0.03789370764923447
0.010563660893631628 9.680785527522222E-4 0.0 0.03789370764923447 0.06612389959257166